charliebrown.mp3
true
Charlie Brown - Christmas is Coming
Classic
0	1,2,3,4,5,6,7,8		[START]
1863	1,2	3,4,5,6,7,8	 [VERSE 01]
2567	3		 [VERSE 01]
3231	4		 [VERSE 01]
4037	5	1	 [VERSE 01]
4768	6	2	 [VERSE 01]
5560	7	3	 [VERSE 01]
6295		4	 [VERSE 01]
7008		5	 [VERSE 01]
7743	1,7	2,3,4,5,6,8	 [VERSE 02]
8544	2,6		 [VERSE 02]
9307	3,5	1,7	 [VERSE 02]
10055	4	2,6	 [VERSE 02]
10767	1,7	3,5	 [VERSE 02]
11517	2,6	4	 [VERSE 02]
12183	3,5	1,7	 [VERSE 02]
12958	4	2,6	 [VERSE 02]
13595	1,7	3,5	 [VERSE 02]
14396	2,6	4	 [VERSE 02]
15223	3,5	1,7	 [VERSE 02]
15907	4	2,6	 [VERSE 02]
16703	1,7	3,5	 [VERSE 02]
17428	2,6	4	 [VERSE 02]
18247	3,5	1,7	 [VERSE 02]
18982	4	2,6	 [VERSE 02]
19744	1,7	3,5	 [VERSE 02]
20503	2,6	4	 [VERSE 02]
21231	3,5	1,7	 [VERSE 02]
22023	1,4	2,3,4,5,6,8	 [VERSE 01]
22767	3,7	1,4	 [VERSE 01]
23466	1,2	3,7	 [VERSE 01]
24223	2,5	1,2	 [VERSE 01]
24987	1,6	2,5	 [VERSE 01]
25735	3,4	1,6	 [VERSE 01]
26465	2,6	3,4	 [VERSE 01]
27118	1,4,7	2,6	 [VERSE 01]
27845	3,5	1,4,7	 [VERSE 01]
28583	1,4	3,5	 [VERSE 01]
29358	3,7	1,4	 [VERSE 01]
30174	1,2	3,7	 [VERSE 01]
30916	2,5	1,2	 [VERSE 01]
31637	1	2,3,4,5,6,7,8	 [VERSE 01]
32396	2		 [VERSE 01]
33176	3		 [VERSE 01]
33958	4	1	 [VERSE 01]
34663	5	2	 [VERSE 01]
35460	6	3	 [VERSE 01]
36144	7	4	 [VERSE 01]
36946		5	 [VERSE 02]
37615	8		 [VERSE 02]
37715		8	
37840	8		 [VERSE 02] FAST
37940		8	
38015	8		 [VERSE 02]
38115		8	
38285	8		 [VERSE 02]
38385		8	
38638	3,7	5	 [VERSE 02]
39075	2,6	4	 [VERSE 02]
39246	1,5	3,7	 [VERSE 02]
39536	7,4	2,6	 [VERSE 02]
39707	6,3	1,5	 [VERSE 02]
40086	5,2	7,4	 [VERSE 02]
40277	4,1	6,3	 [VERSE 02]
40518	3,7	5	 [VERSE 02]
40623	8		 [VERSE 02]
40723		8	
40777	8		 [VERSE 02]
40877		8	
40975	8		 [VERSE 02]
41075		8	
41149	8		 [VERSE 02]
41249		8	
41647	2,6	4,1	 [VERSE 02]
42226	1,5	3,7	 [VERSE 02]
42786	4	2,6	 [VERSE 02]
43358	3	1,5	 [VERSE 02]
43686	8		 [VERSE 02]
43786		8	
43887	8		 [VERSE 02]
43987		8	
44061	8		 [VERSE 02]
44161		8	
44266	8		 [VERSE 02]
44366		8	
44667	5	2	 [VERSE 02]
45214	6	3	 [VERSE 02]
45743	7,1	4	 [VERSE 02]
46255	2	5	 [VERSE 02]
46676	7	1,2,3,4,5,6,8	 [BRIDGE]
47423	6		 [BRIDGE]
48214	5	7	 [BRIDGE]
48957	4	6	 [BRIDGE]
49728	3,7	5	 [BRIDGE]
50445	2,6	4	 [BRIDGE]
51187	1,5	3,7	 [BRIDGE]
51918	7,4	2,6	 [BRIDGE]
52568	6,3	1,5	 [BRIDGE]
53383	5,2	7,4	 [BRIDGE]
54134	4,1	6,3	 [BRIDGE]
54916	3,7	5,2	 [BRIDGE]
55575	2,6	4,1	 [BRIDGE]
56346	1,5	3,7	 [BRIDGE]
57147	4	2,6	 [BRIDGE]
57863	3	1,5	 [BRIDGE]
58598	2	4	 [BRIDGE]
59358	1	3	 [BRIDGE]
60093	1,5	2,3,4,6,7,8	 [BRIDGE]
60887	2,6	1,5	 [BRIDGE]
61582	3,7	2,6	 [BRIDGE]
62302	4	3,7	 [BRIDGE]
63006	8	4	 [BRIDGE]
63862	1,5	2,3,4,6,7,8	 [BRIDGE]
64527	2,6	1,5	 [BRIDGE]
65375	3,7	2,6	 [BRIDGE]
66066	4	3,7	 [BRIDGE]
66858	8	4	 [BRIDGE]
67565	1,5	2,3,4,6,7,8	 [BRIDGE]
68335	2,6	1,5	 [BRIDGE]
69077	3,7	2,6	 [BRIDGE]
69854	1,3,5,7	2,4,6,8	 [VERSE 02]
70583	2,4,6,8	1,3,5,7	 [VERSE 02]
71336	1,3,5,7	2,4,6,8	 [VERSE 02]
71647	2,4,6,8	1,3,5,7	 [VERSE 02]
71822	1,3,5,7	2,4,6,8	 [VERSE 02]
71988	2,4,6,8	1,3,5,7	 [VERSE 02]
72145	1,3,5,7	2,4,6,8	 [VERSE 02]
72516	2,4,6,8	1,3,5,7	 [VERSE 02]
73088	1,2,3	4,5,6,7	 [VERSE 02]
73327	4,5,6,7	1,2,3	 [VERSE 02]
73511	1,2,3	4,5,6,7	 [VERSE 02]
73854	4,5,6,7	1,2,3	 [VERSE 02]
74275	1,2,3	4,5,6,7	 [VERSE 02]
74596	4,5,6,7	1,2,3	 [VERSE 02]
74765	1,2,3	4,5,6,7	 [VERSE 02]
75106	4,5,6,7	1,2,3	 [VERSE 02]
75528	1,2	3,4,5,6,7	 [VERSE 02]
76104	3,4	1,2,5,6,7	 [VERSE 02]
76387	5,6,7	1,2,3,4	 [VERSE 02]
76786	1,2	3,4,5,6,7	 [VERSE 02]
77187	3,4	1,2,5,6,7	 [VERSE 02]
77748	5,6,7	1,2,3,4	 [VERSE 02]
78183	1,2	3,4,5,6,7	 [VERSE 02]
78868	3,4	1,2,5,6,7	 [VERSE 02]
79631	5,6,7	1,2,3,4	 [VERSE 02]
80372	1,2	3,4,5,6,7	 [VERSE 02]
81094	3,4	1,2,5,6,7	 [VERSE 02]
81866	5,6,7	1,2,3,4	 [VERSE 02]
82503	4	1,2,3,5,6,7,8	 [VERSE 02]
83016	3,5		 [VERSE 02]
84038	6,2	4	 [VERSE 02]
84837	7,1	3,5	 [VERSE 02]
85615	4	6,2	 [VERSE 02]
86373	3,5	7,1	 [VERSE 02]
87120	6,2	4	 [VERSE 02]
87820	7,1	3,5	 [VERSE 02]
88587	4	6,2	 [VERSE 02]
89310	3,5	7,1	 [VERSE 02]
90087	6,2	4	 [VERSE 02]
90820	7,1	3,5	 [VERSE 02]
91597	4	6,2	 [VERSE 02]
92324	3,5	7,1	 [VERSE 02]
93151	6,2	4	 [VERSE 02]
93825	7,1	3,5	 [VERSE 02]
94476	4	6,2	 [VERSE 02]
94638	3,5	7,1	 [VERSE 02]
95326	6,2	4	 [VERSE 02]
96107	1	2,3,4,5,6,7,8	 [VERSE 01]
96813	2		 [VERSE 01]
97557	3	1	 [VERSE 01]
98279	4	2	 [VERSE 01]
99028	5,1	3	 [VERSE 01]
99795	6,2	4	 [VERSE 01]
100466	7,3	5,1	 [VERSE 01]
101254	1,4	6,2	 [VERSE 01]
101982	2,5	7,3	 [VERSE 01]
102687	3,6	1,4	 [VERSE 01]
103432	4,7	2,5	 [VERSE 01]
104171	5,1	3,6	 [VERSE 01]
104927	6,2	4,7	 [VERSE 01]
105726	7,3	5,1	 [VERSE 01]
106436	1,4	6,2	 [VERSE 01]
107236	2,5	7,3	 [VERSE 01]
107958	3,6	1,4	 [VERSE 01]
108747	4,7	2,5	 [VERSE 01]
109451	5	3,6	 [VERSE 01]
110214	6	4,7	 [VERSE 01]
110886	7	5	 [VERSE 01]
111626	4	1,2,3,5,6,7,8	 [VERSE 01]
112375	3,5		 [VERSE 01]
113166	6,2	4	 [VERSE 01]
113847	7,1	3,5	 [VERSE 01]
114636	4	6,2	 [VERSE 01]
115335	3,5	7,1	 [VERSE 01]
116125	6,2	4	 [VERSE 01]
116836	7,1	3,5	 [VERSE 01]
117615	4	6,2	 [VERSE 01]
118326	3,5	7,1	 [VERSE 01]
119143	6,2	4	 [VERSE 01]
119926	7,1	3,5	 [VERSE 01]
120695		6,2	 [VERSE 01]
121367		7,1	 [VERSE 01]
122186	1,4	2,3,4,5,6,8	 [VERSE 01]
122886	3,7	1,4	 [VERSE 02]
123695	1,2	3,7	 [VERSE 02]
124207	2,5	1,2	 [VERSE 02]
124735	1,6	2,5	 [VERSE 02]
125317	3,4	1,6	 [VERSE 02]
126157	2,6	3,4	 [VERSE 02]
126757	1,4,7	2,6	 [VERSE 02]
127423	3,5	1,4,7	 [VERSE 02]
128142		3,5	 [VERSE 02]
128872	1,4	2,3,4,5,6,8	 [VERSE 02]
129582	3,7	1,4	 [VERSE 02]
130372	1,2	3,7	 [VERSE 02]
131146	2,5	1,2	 [VERSE 02]
131783	1,6	2,5	 [VERSE 02]
132516	3,4	1,6	 [VERSE 02]
133294	2,6	3,4	 [VERSE 02]
134140	1,4,7	2,6	 [VERSE 02]
134837	3,5	1,4,7	 [VERSE 02]
139600	1,2,3,4,5,6,7,8		[END]
142000	1,2,3,4,5,6,7,8		[END]