JingleBells.mp3
true
Pentatonix - Jingle Bells
Classic
500	1,7	2,3,4,5,6,8	 [VERSE 01]
1008	2,6		 [VERSE 01]
1552	3,5		 [VERSE 01]
2152	4		 [VERSE 01]
2846		4	 [VERSE 01]
3496		5,3	 [VERSE 01]
4197		6,2	 [VERSE 01]
4907	4	7,1	 [VERSE 01]
5555	1	2,3,4,5,6,7,8	 [VERSE 02]
6056	2		 [VERSE 02]
6600	8		 [BRIDGE]
6680		8	
6940	8		 [BRIDGE]
7020		8	
7250	8		 [BRIDGE]
7330		8	
7608	3		 [VERSE 02]
8112	4	1	 [VERSE 02]
8621	5	2	 [VERSE 02]
9064	6	3	 [VERSE 02]
9344	7,1	4	 [VERSE 02]
9776	2	5	 [VERSE 02]
10318	3	6	 [VERSE 02]
10890	8		 [BRIDGE]
10970		8	
11200	8		 [BRIDGE]
11280		8	
11480	8		 [BRIDGE]
11560		8	
11798	4	7,1	 [VERSE 02]
12347	5	2	 [VERSE 02]
13037	6	3	 [VERSE 02]
13376	7	4	 [VERSE 02]
13749		5	 [VERSE 02]
14397		6	 [VERSE 01]
15103	4	7	 [VERSE 01]
15758	1,5	2,3,4,6,7,8	 [VERSE 01]
16415	2,6	1,5	 [VERSE 01]
17067	3,7	2,6	 [VERSE 01]
17708	4	3,7	 [VERSE 01]
18343	8	4	 [VERSE 01]
18998	1,5	2,3,4,6,7,8	 [VERSE 01]
19110	8		 [VERSE 01]
19184	2,6	1,5	 [VERSE 01]
19264		8	
19290	8		 [VERSE 01]
19336	3,7	2,6	 [VERSE 01]
19416		8	
19450	8		 [VERSE 01]
19504	4	3,7	 [VERSE 01]
19584		8	
19620	8		 [VERSE 01]
19645	8	4	 [VERSE 01]
19725		8	
19780	8		 [VERSE 01]
19784	1,5	2,3,4,6,7,8	 [VERSE 01]
19864		8	
19919	2,6	1,5	 [VERSE 01]
19970	8		 [VERSE 01]
20050		8	
20080	8		 [VERSE 01]
20128	3,7	2,6	 [VERSE 01]
20208		8	
20358	4	3,7	 [VERSE 01]
21006	8	4	 [VERSE 01]
21677	1,5	2,3,4,6,7,8	 [VERSE 01]
22264	2,6	1,5	 [VERSE 01]
22949	3,7	2,6	 [VERSE 01]
23616	4	3,7	 [VERSE 01]
24278	8	4	 [VERSE 01]
24999	6	8	 [VERSE 01]
25706	1,5	2,3,4,6,7,8	 [VERSE 02]
26183	2,6	1,3,4,5,7,8	 [VERSE 02]
26678	3,7	1,2,4,5,6,8	 [VERSE 02]
26810	8		 [BRIDGE]
26890		8	
27100	8		 [BRIDGE]
27180		8	
27380	8		 [BRIDGE]
27460		8	
28256	1,5	2,3,4,6,7,8	 [VERSE 02]
29936	2,6	1,3,4,5,7,8	 [VERSE 02]
30485	3,7	1,2,4,5,6,8	 [VERSE 02]
30970	8		 [BRIDGE]
31050		8	
31310	8		 [BRIDGE]
31390		8	
31560	8		 [BRIDGE]
31640		8	
31967	1,5	2,3,4,6,7,8	 [VERSE 02]
32582	2,6	1,3,4,5,7,8	 [VERSE 02]
33914	3,7	1,2,4,5,6,8	 [VERSE 02]
34957	1	2,3,4,5,6,7,8	 [BRIDGE]
35884	2		 [BRIDGE]
36838	3		 [BRIDGE]
38630	8		 [VERSE 02]
38710		8	
38950	8		 [VERSE 02]
39030		8	
39180	8		 [VERSE 02]
39260		8	
39304	5	2	 [BRIDGE]
40667	6	3	 [BRIDGE]
41816	7,1	4	 [BRIDGE]
42744	2	5	 [BRIDGE]
43701	3	6	 [BRIDGE]
44540	8		 [VERSE 02]
44620		8	
44810	8		 [VERSE 02]
44890		8	
45050	8		 [VERSE 02]
45130		8	
45247	4	7,1	 [BRIDGE]
46596	5	2	 [BRIDGE]
47518	6	3	 [BRIDGE]
48446	7	4	 [BRIDGE]
49437	1	5	 [BRIDGE]
50359	2	6	 [BRIDGE]
51327	3	7	 [BRIDGE]
52278	4	1	 [BRIDGE]
53296	5	2	 [BRIDGE]
54264	6	3	 [BRIDGE]
55264	7,1	4	 [BRIDGE]
56240	2	5	 [BRIDGE]
57207	3	6	 [BRIDGE]
58227	4	7,1	 [BRIDGE]
59248	5	2	 [BRIDGE]
60167	6	3	 [BRIDGE]
61110	8		 [VERSE 01]
61190		8	
61310	8		 [VERSE 01]
61390		8	
62026	1,7	2,3,4,5,6,8	 [VERSE 01]
62540	8		 [BRIDGE]
62620		8	
62828	2,6		 [VERSE 01]
63410	8		 [BRIDGE]
63490		8	
63690	8		 [BRIDGE]
63770		8	
63980	8		 [BRIDGE]
64060		8	
64277	3,5		 [VERSE 01]
64839	4		 [VERSE 01]
66165		4	 [VERSE 01]
66566		5,3	 [VERSE 01]
67027		6,2	 [VERSE 01]
67570	8		 [BRIDGE]
67650		8	
67860	8		 [BRIDGE]
67940		8	
68150	8		 [BRIDGE]
68230		8	
68486	5,4		 [VERSE 01]
69087	1,7	2,3,4,5,6,8	 [VERSE 01]
70388	2,6		 [VERSE 01]
71077	1,5	2,3,4,6,7,8	 [VERSE 02]
71130	8		 [VERSE 02]
71210		8	
71638	7	2,3,4,5,6,8	 [VERSE 02]
71650	8		 [VERSE 02]
71730		8	
72050	8		 [VERSE 02]
72130		8	
72480	8		 [VERSE 02]
72560		8	
72743	6		 [VERSE 02]
72930	8		 [VERSE 02]
73010		8	
73400	8		 [VERSE 02]
73480		8	
73823	5		 [VERSE 02]
73860	8		 [VERSE 02]
73940		8	
74320	8		 [VERSE 02]
74400		8	
74775	4		 [VERSE 02]
74890	8		 [VERSE 02]
74970		8	
75310	8		 [VERSE 02]
75390		8	
75725	3		 [VERSE 02]
75750	8		 [VERSE 02]
75830		8	
76210	8		 [VERSE 02]
76290		8	
76638	2		 [VERSE 02]
76660	8		 [VERSE 02]
76740		8	
77100	8		 [VERSE 02]
77180		8	
77580	8		 [VERSE 02]
77655	1		 [VERSE 02]
77735		8	
77990	8		 [VERSE 02]
78070		8	
78543		7	 [VERSE 01]
78977		6	 [VERSE 01]
79418		5	 [VERSE 01]
79905	7	4	 [VERSE 01]
80576	6	3	 [VERSE 01]
81228	5	2	 [VERSE 01]
82215	4	1	 [VERSE 01]
83140	8		 [BRIDGE]
83220		8	
83330	8		 [BRIDGE]
83410		8	
83490	8		 [BRIDGE]
83493	1,3,5,7	2,4,6,8	 [VERSE 01]
83573		8	
83680	8		 [BRIDGE]
83760		8	
84316	2,4,6,8	1,3,5,7	 [VERSE 01]
84750	8		 [BRIDGE]
84830		8	
85048	1,3,5,7	2,4,6,8	 [VERSE 01]
85120	8		 [BRIDGE]
85200		8	
85410	8		 [BRIDGE]
85490		8	
85608	2,4,6,8	1,3,5,7	 [VERSE 01]
86530	8		 [BRIDGE]
86610		8	
86940	8		 [BRIDGE]
87020		8	
87025	1,3,5,7	2,4,6,8	 [VERSE 01]
87250	8		 [BRIDGE]
87330		8	
87507	2,4,6,8	1,3,5,7	 [VERSE 01]
88480	8		 [BRIDGE]
88560		8	
88830	8		 [BRIDGE]
88896	1,3,5,7	2,4,6,8	 [VERSE 01]
88976		8	
89130	8		 [BRIDGE]
89210		8	
89368	2,4,6,8	1,3,5,7	 [VERSE 01]
90300	8		 [BRIDGE]
90380		8	
90424	1,3,5,7	2,4,6,8	 [VERSE 01]
90650	8		 [BRIDGE]
90730		8	
90798	2,4,6,8	1,3,5,7	 [VERSE 01]
90930	8		 [BRIDGE]
91010		8	
91247	1,3,5,7	2,4,6,8	 [VERSE 01]
92583	2,4,6,8	1,3,5,7	 [VERSE 01]
93065	1,3,5,7	2,4,6,8	 [VERSE 01]
94368	2,4,6,8	1,3,5,7	 [VERSE 01]
94886	1,3,5,7	2,4,6,8	 [VERSE 01]
96176	2,4,6,8	1,3,5,7	 [VERSE 01]
96696	1,3,5,7	2,4,6,8	 [VERSE 01]
97696	2,4,6,8	1,3,5,7	 [VERSE 01]
98589	1,7	2,3,4,5,6,8	 [VERSE 02]
99587	2,6		 [VERSE 02]
101036	3,5		 [VERSE 02]
102237	4		 [VERSE 02]
103662		4	 [VERSE 02]
104664	1,2,3		 [VERSE 02]
105423	5,6,7	1,2,3	 [VERSE 02]
106907	1,2,3	5,6,7	 [VERSE 02]
108357	5,6,7	1,2,3	 [BRIDGE]
108747	1,2,3	5,6,7	 [BRIDGE]
109287	1,2,3,4,5,6,7,8		[BRIDGE]
113287	1,2,3,4,5,6,7,8		[END]