WishYouMerry.mp3
true
Orchestra - Wish You Merry Christmas
Classic
0	1,2,3,4,5,6,7,8		 [VERSE 01]
2019	4	1,2,3,5,6,7,8	 [VERSE 01]
3026	3,5		 [VERSE 01]
4146	6,2	4	 [VERSE 01]
5275	7,1	3,5	 [VERSE 01]
6474	4	6,2	 [VERSE 01]
7586	3,5	7,1	 [VERSE 01]
8803	6,2	4	 [VERSE 01]
9986	7,1	3,5	 [VERSE 01]
11163	4	6,2	 [VERSE 01]
12291	3,5	7,1	 [VERSE 01]
13578	6,2	4	 [VERSE 01]
14762	7,1	3,5	 [VERSE 01]
16011		6,2	 [VERSE 01]
17154	1,5	7,1	 [VERSE 01]
18395	2,6	1,5	 [VERSE 01]
19730	3,7	2,6	 [VERSE 02]
20426	4	3,7	 [VERSE 02]
20890	8	4	 [VERSE 02]
22042	1,5	2,3,4,6,7,8	 [VERSE 02]
22986	2,6	1,5	 [VERSE 02]
23363	3,7	2,6	 [VERSE 02]
24530	4	3,7	 [VERSE 02]
25386	8	4	 [VERSE 02]
25794	1,5	2,3,4,6,7,8	 [VERSE 02]
27027	2,6	1,5	 [VERSE 02]
27930	3,7	2,6	 [VERSE 02]
28322	4	3,7	 [VERSE 02]
29610	8	4	 [VERSE 02]
30810	1,5	2,3,4,6,7,8	 [VERSE 02]
32074	2,6	1,5	 [VERSE 02]
33322	3,7	2,6	 [VERSE 02]
34619	1	2,3,4,5,6,7,8	 [BRIDGE]
35778	2		 [BRIDGE]
37002	3		 [BRIDGE]
38235	4		 [BRIDGE]
39378	5		 [BRIDGE]
40291	6		 [BRIDGE]
40674	7		 [BRIDGE]
41907		1	 [BRIDGE]
42690		2	 [BRIDGE]
43114		3	 [BRIDGE]
44291		4	 [BRIDGE]
45154		5	 [BRIDGE]
45514	1	6	 [BRIDGE]
46770	2	7	 [BRIDGE]
47970	3		 [BRIDGE]
49043	4		 [BRIDGE]
50218	5		 [BRIDGE]
51395	6		 [BRIDGE]
52658	1,3,5,7	2,4,6,8	 [VERSE 02]
53794	2,4,6,8	1,3,5,7	 [VERSE 02]
55026	1,3,5,7	2,4,6,8	 [VERSE 02]
56259	2,4,6,8	1,3,5,7	 [VERSE 02]
57434	1,3,5,7	2,4,6,8	 [VERSE 02]
58668	2,4,6,8	1,3,5,7	 [VERSE 02]
59802	1,3,5,7	2,4,6,8	 [VERSE 02]
61051	2,4,6,8	1,3,5,7	 [VERSE 02]
62322	1,3,5,7	2,4,6,8	 [VERSE 02]
63475	7	1,2,3,4,5,6,8	 [VERSE 01]
64266	6		 [VERSE 01]
64698	5	7	 [VERSE 01]
65954	4	6	 [VERSE 01]
66842	3,7	5	 [VERSE 01]
67290	2,6	4	 [VERSE 01]
68602	1,5	3,7	 [VERSE 01]
69714	7,4	2,6	 [VERSE 01]
71019	6,3	1,5	 [VERSE 01]
71891	5,2	7,4	 [VERSE 01]
72242	4,1	6,3	 [VERSE 01]
73531	3,7	5,2	 [VERSE 01]
74386	2,6	4,1	 [VERSE 01]
74786	1,5	3,7	 [VERSE 01]
75978	4	2,6	 [VERSE 01]
76906	3	1,5	 [VERSE 01]
77330	2	4	 [VERSE 01]
78498	1	3	 [VERSE 01]
79754	7	2	 [VERSE 01]
80874	6	1	 [VERSE 01]
82178	5	7	 [VERSE 01]
83339	4	6	 [VERSE 01]
84634	3,7	5	 [VERSE 01]
85850	2,6	4	 [VERSE 01]
87082	1,5	3,7	 [VERSE 01]
88258	1,5	2,3,4,6,7,8	 [VERSE 02]
89011	2,6	1,5	 [VERSE 02]
89410	3,7	2,6	 [VERSE 02]
90586	4	3,7	 [VERSE 02]
91490	8	4	 [VERSE 02]
91842	1,5	2,3,4,6,7,8	 [VERSE 02]
93003	2,6	1,5	 [VERSE 02]
93914	3,7	2,6	 [VERSE 02]
94266	4	3,7	 [VERSE 02]
95258	1,7	2,3,4,5,6,8	 [BRIDGE]
99274	2,6		 [BRIDGE]
100714	3,5	1,7	 [BRIDGE]
102322	4	2,6	 [BRIDGE]
103595	1,7	3,5	 [BRIDGE]
104802	2,6	4	 [BRIDGE]
106002	3,5	1,7	 [BRIDGE]
107370	4	2,6	 [BRIDGE]
108362	1,7	3,5	 [BRIDGE]
108667	2,6	4	 [BRIDGE]
109802	3,5	1,7	 [BRIDGE]
111059	4	2,6	 [BRIDGE]
111242	1,2,3,4,5,6,7,8		 [BRIDGE]
115242			[END]
